$ANSIBLE_VAULT;1.1;AES256
63653038646438363936656566663937353930353465616538366664356464666437616533376633
3763383534353263656664633238343833303239643766370a323638363538383537336539633737
66313863386537373932616166316435323961353038363130366265623434653365376565386461
6139363662386439340a623134313462333764353635393730326134656362613031306265613633
66393433383332616164626562313532653730366434363866656462386631313132376337303164
63303139396334323230386632656565613833653637616130386133316561396632333931613931
34356336626638376364653433633236313762363931336435646336653434396465386632393933
62303461386462386138633961613864303536303764333830353134626135373839366562393534
32313136633765353230386333636466643663393533616530306635366537616666313662363135
61343762333766346666353937333461366130623339373536333765313563623466636263376130
38623765626530653538343364613239353635623938393333343466353163643166616239663963
33386332646536326238326136303331646465373963343836373364646366653230346437633334
37363435363863316332303231613938393138373561353133313737396436623431366237383838
35653137613339666464313935363831646264643961336165633231656135346235633466343038
35633638643133313464613166623634316163316334663362613930653562306531373235373763
35623532346361393863383861623336303766323032313138336534313532346335353633336430
64623164643464323366383639346336643538623830303966653537343964616335363764353431
64356230336337663432636161323662636531626338386264396630643861653666366538323330
61643339613534343562333434333936326632353032336565303364613230396233363164333134
62633261373932346433656164343434373263613063336461656134373533616365396636376435
35633866613866663364373931356361653538363639306262656664643539376633316661653566
37613532356439303761383466333937373765383761633662363335306432666333386537613036
62623331623663356165373439323535323430613637336239636439306133343630613132326565
39616539396662346564336637633931393762386666643561616265303762303963313138343632
3532
